%%全局变量
global glv
glv.Re=6378137.0;
glv.e=1/298.257;
glv.Wie=0.00007292115147;
glv.G=9.80147;
glv.R2D=180/pi;
glv.D2R=1/glv.R2D;
glv.DH2RS=pi/180/3600;
glv.e=1/298.257;%WGS84坐标系下使用的扁率
